current voltage power
 main 
60 5228 0
1620 5208 8
2480 5207 13
3020 5203 16
3580 5203 19
4400 5197 23
4980 5200 26
5780 5193 30
6380 5191 33
7220 5188 37
7760 5188 40
8580 5185 44
9160 5182 47
9980 5176 51
10560 5177 54
11380 5173 59
11900 5171 61
12460 5167 64
13300 5166 69
13860 5162 71
14660 5157 75
15220 5157 78
16060 5155 83
16680 5155 86
17460 5143 90
17980 5145 92
18780 5135 96
19360 5136 99
19880 5132 102
20700 5130 106
21220 5125 108
22060 5122 113
22620 5118 116
23420 5113 119
23980 5110 122
24820 5105 127
25360 5101 129
26180 5097 133
26700 5087 136
27560 5085 140
28100 5078 143
28700 5072 145
29480 5067 149
30060 5066 152
30880 5057 156
31420 5048 158
32220 5041 162
32800 5035 165
33760 5028 169
34100 5012 171
35060 5003 175
35580 4996 178
36120 4987 180
36960 4972 184
37480 4957 186
38420 4938 189
38880 4923 191
39780 4895 195
40200 4876 196
41160 4827 198
  
  
  
  
  
  
  
  
  
  
  
  
  
 0 
current voltage power
current voltage power
 main 
60 5228 0
1620 5208 8
2480 5207 13
3020 5203 16
3580 5203 19
4400 5197 23
4980 5200 26
5780 5193 30
6380 5191 33
7220 5188 37
7760 5188 40
8580 5185 44
9160 5182 47
9980 5176 51
10560 5177 54
11380 5173 59
11900 5171 61
12460 5167 64
13300 5166 69
13860 5162 71
14660 5157 75
15220 5157 78
16060 5155 83
16680 5155 86
17460 5143 90
17980 5145 92
18780 5135 96
19360 5136 99
19880 5132 102
20700 5130 106
21220 5125 108
22060 5122 113
22620 5118 116
23420 5113 119
23980 5110 122
24820 5105 127
25360 5101 129
26180 5097 133
26700 5087 136
27560 5085 140
28100 5078 143
28700 5072 145
29480 5067 149
30060 5066 152
30880 5057 156
31420 5048 158
32220 5041 162
32800 5035 165
33760 5028 169
34100 5012 171
35060 5003 175
35580 4996 178
36120 4987 180
36960 4972 184
37480 4957 186
38420 4938 189
38880 4923 191
39780 4895 195
40200 4876 196
41160 4827 198
  
  
  
  
  
  
  
  
  
  
  
  
  
 0 
