current voltage power
current voltage power
 main 
80 5350 0
1480 5345 8
2300 5341 12
2860 5340 15
3400 5338 18
4260 5338 23
4820 5336 25
5620 5337 30
6200 5335 33
7060 5335 37
7600 5332 40
8420 5331 45
8980 5331 48
9800 5328 52
10360 5326 55
11180 5327 60
11760 5326 62
12280 5325 65
13120 5325 70
13680 5325 73
14480 5320 77
15020 5321 80
15880 5320 84
16420 5321 87
17200 5320 92
17780 5318 94
18600 5316 99
19160 5316 101
19680 5313 104
20500 5311 109
21020 5312 111
21860 5311 116
22400 5308 119
23220 5307 123
23780 5307 126
24600 5306 130
25160 5303 133
25980 5303 137
26480 5301 140
27320 5297 144
27860 5300 147
28400 5301 150
29220 5297 155
29780 5296 158
30600 5296 162
31160 5293 165
32000 5293 169
32620 5290 172
33400 5290 176
33900 5290 179
34700 5287 183
35600 5286 188
36160 5286 191
36980 5282 195
37520 5280 198
38320 5281 202
38860 5280 205
39700 5277 209
40280 5276 212
41080 5273 216
41620 5273 219
42480 5271 224
43000 5271 226
43800 5267 230
44380 5267 234
44880 5266 236
45760 5263 241
46260 5263 243
47100 5263 248
47620 5261 250
48420 5258 254
48980 5256 257
49800 5257 262
50320 5255 264
51200 5250 268
51720 5251 271
52260 5248 274
52960 5250 278
53520 5247 281
54320 5246 285
54860 5243 287
55680 5241 291
56200 5238 294
57000 5237 298
57620 5237 302
58360 5233 305
58920 5233 308
59460 5231 311
60300 5230 315
60820 5227 318
61620 5226 322
62160 5226 324
63000 5225 329
63520 5221 332
64360 5218 336
64880 5216 338
65700 5213 342
66260 5213 345
67060 5211 349
67600 5208 352
68160 5208 355
68980 5205 359
69480 5202 361
70300 5200 365
70820 5196 368
71680 5197 372
72180 5197 375
72960 5188 378
73500 5190 381
74300 5186 385
74900 5185 388
75420 5181 391
76220 5180 395
76800 5176 397
77620 5175 401
78180 5171 404
78980 5167 408
79560 5167 411
80360 5162 415
80900 5161 417
81720 5155 421
82260 5152 424
83100 5148 428
83660 5148 430
84220 5145 433
85000 5141 437
85600 5140 440
86220 5132 442
86780 5128 445
87580 5127 449
88120 5122 451
88960 5116 455
89480 5108 457
90320 5110 461
90880 5102 463
91420 5102 466
92280 5095 470
92780 5088 472
93620 5080 475
94200 5080 478
95020 5070 482
95560 5062 483
96360 5055 487
96920 5050 489
97720 5036 492
98360 5032 495
99060 5020 497
99620 5005 499
100120 4991 499
101000 4973 502
101600 4960 504
102480 4933 505
103060 4910 506
103960 4841 503
  
  
  
  
  
  
  
  
  
  
  
  
  
 0 
