current voltage power
 main 
60 5395 0
1080 5390 5
1900 5390 10
2480 5388 13
3000 5388 16
3880 5387 21
4480 5385 24
5280 5387 28
5820 5386 31
6700 5385 36
7220 5386 39
8080 5383 43
8560 5382 46
9420 5381 51
10000 5381 53
10800 5380 58
11380 5381 61
11920 5380 64
12760 5377 68
13300 5377 71
14120 5377 76
14680 5376 78
15520 5377 83
16080 5373 86
16880 5373 91
17400 5373 93
18260 5370 98
18800 5372 101
19360 5370 104
20160 5371 108
20680 5368 111
21420 5370 115
22060 5370 118
22880 5367 123
23420 5368 125
24280 5368 130
24780 5366 133
25580 5365 137
26160 5365 140
26980 5363 144
27580 5361 148
28080 5362 150
28900 5360 155
29460 5361 158
30220 5361 162
30800 5358 165
31600 5357 169
32160 5358 172
33020 5356 177
33580 5356 180
34660 5356 185
35200 5355 188
35760 5355 191
36580 5355 196
37120 5352 198
37920 5352 203
38460 5351 206
39300 5351 210
39880 5348 213
40680 5348 217
41200 5346 220
42060 5346 225
42580 5347 227
43380 5345 232
43920 5345 235
44480 5342 237
45300 5342 242
45860 5342 245
46660 5340 249
47180 5341 252
48000 5340 256
48580 5338 259
49380 5338 263
49900 5338 266
50760 5335 270
51260 5337 273
51800 5336 276
52580 5335 280
53120 5336 283
53960 5332 287
54480 5333 290
55280 5333 295
55820 5332 297
56620 5331 302
57200 5331 305
58000 5331 309
58560 5328 312
59100 5326 315
59920 5327 319
60460 5327 322
61260 5325 326
61780 5323 329
62620 5325 333
63160 5323 336
63960 5322 340
64480 5321 343
65300 5321 347
65880 5318 350
66680 5318 354
67220 5318 357
67760 5316 360
68580 5316 364
69160 5315 367
69920 5315 371
70400 5315 374
71220 5311 378
71780 5312 381
72600 5310 385
73160 5310 388
73960 5308 392
74520 5308 395
75060 5307 398
75900 5308 402
76460 5305 405
77260 5306 410
77800 5303 412
78580 5303 416
79160 5302 420
80000 5303 424
80560 5301 427
81360 5298 431
81900 5300 434
82720 5300 438
83280 5298 441
83820 5296 444
84620 5296 448
85200 5295 451
85880 5293 454
86400 5293 457
87200 5296 462
87700 5293 464
88600 5291 469
89080 5291 471
89920 5288 475
90460 5286 478
90980 5287 481
91860 5286 485
92380 5285 488
93220 5285 492
93780 5283 495
94580 5283 499
95120 5282 502
95960 5282 507
96500 5280 509
97280 5282 514
97880 5278 516
98700 5277 520
99220 5278 523
99760 5273 526
100620 5275 530
101160 5273 533
101960 5272 537
102520 5273 540
103380 5271 545
103920 5268 547
104720 5270 552
105260 5268 554
106080 5268 559
106620 5267 561
107200 5263 564
108000 5262 568
108500 5265 571
109360 5262 575
109900 5261 578
110720 5258 582
111280 5260 585
112100 5257 589
112660 5257 592
113460 5255 596
114020 5252 599
114560 5252 601
115380 5251 606
115960 5252 609
116720 5250 613
117300 5250 616
118160 5247 620
118680 5248 623
119500 5247 627
120060 5245 630
120880 5243 633
121420 5242 636
122200 5242 641
122800 5238 643
123320 5238 646
124120 5237 650
124720 5236 653
125500 5235 657
126060 5235 660
126900 5231 664
127460 5232 667
128280 5230 671
128820 5230 673
129660 5228 678
130180 5227 680
130700 5226 683
131520 5223 687
132080 5225 690
132900 5222 694
133480 5221 697
134260 5220 701
134800 5217 703
135660 5217 708
136180 5218 711
137000 5213 714
137560 5212 717
138400 5210 721
138960 5211 724
139480 5211 727
140300 5207 730
140820 5207 733
141680 5203 737
142260 5203 740
143060 5203 744
143600 5200 747
144420 5195 750
144960 5198 753
145760 5196 757
146320 5195 760
146900 5195 763
147700 5190 766
148220 5190 769
149080 5187 773
149580 5186 776
150420 5185 780
151000 5183 782
151800 5181 786
152320 5180 789
153180 5181 793
153720 5177 796
154520 5175 799
155100 5172 802
155500 5171 804
156320 5168 808
156880 5168 811
157700 5168 815
158220 5165 817
159060 5162 821
159600 5160 823
160380 5158 827
160920 5153 829
161780 5153 834
162300 5151 836
162880 5150 838
163700 5148 843
164260 5148 845
165080 5146 849
165580 5142 851
166400 5140 855
166960 5136 857
167780 5133 861
168380 5135 864
169160 5130 867
169700 5131 871
170260 5127 873
171080 5121 876
171620 5121 879
172460 5118 883
173020 5117 885
173820 5113 889
174400 5111 891
175200 5106 894
175720 5105 897
176580 5102 901
177160 5098 903
177900 5088 905
178460 5091 908
179020 5087 910
179880 5085 914
180400 5078 916
181220 5071 919
181780 5072 922
182600 5065 925
183160 5061 927
183920 5058 930
184480 5052 932
185360 5043 935
185900 5040 937
186480 5043 940
187260 5028 941
187800 5021 943
188660 5015 946
189200 5007 947
190020 4993 949
190600 4987 950
191420 4970 951
191960 4966 953
192800 4947 954
193220 4933 953
194220 4903 952
194720 4876 949
  
  
  
  
  
  
  
  
  
  
  
  
  
 0 
