current voltage power
  
  
  
  
  
  
  
  
  
  
  
  
  
  
  
  
  
  
  
  
  
  
  
  
 0 
 main 
80 5340 0
1780 5326 10
2620 5325 14
3180 5326 17
3760 5320 20
4560 5325 24
5160 5318 27
5920 5325 31
6500 5315 34
7380 5316 39
7920 5316 42
8720 5315 46
9300 5308 49
10120 5311 53
10680 5311 57
11500 5300 61
12100 5306 64
12580 5306 66
13400 5303 71
13980 5300 74
14780 5301 78
15300 5297 81
16180 5293 85
16700 5290 88
17520 5296 93
18080 5295 96
18900 5293 100
19420 5290 103
20020 5286 106
20700 5285 109
21320 5282 113
22120 5282 117
22680 5282 120
23500 5278 124
24100 5278 127
24900 5276 131
25420 5273 134
26200 5271 138
26780 5271 141
27600 5268 145
28160 5263 148
28700 5265 151
29520 5261 155
30080 5262 158
30900 5258 162
31460 5256 165
32260 5256 169
32780 5253 172
33660 5250 176
34200 5251 179
34980 5246 183
35560 5246 186
36420 5242 191
37280 5240 195
37820 5236 198
38620 5235 202
39180 5235 205
40020 5228 209
40580 5232 212
41380 5230 216
41900 5223 219
42780 5220 223
43280 5218 226
44100 5218 230
44660 5211 232
45260 5211 236
46060 5207 239
46600 5207 242
47380 5202 246
47960 5198 249
48760 5198 253
49320 5193 256
50100 5190 260
50660 5188 263
51420 5183 266
52060 5186 270
52580 5178 272
53280 5178 276
53820 5172 278
54660 5170 282
55180 5163 285
56000 5161 289
56520 5155 291
57360 5152 295
57920 5148 298
58720 5145 302
59260 5141 304
59800 5137 307
60620 5130 311
61200 5127 314
61960 5122 317
62560 5115 320
63320 5108 323
63880 5106 326
64700 5097 330
65220 5091 332
66060 5081 335
66620 5077 338
67420 5063 341
67960 5056 343
68520 5048 346
69360 5036 349
69900 5030 351
70680 5010 354
71220 5000 356
72100 4973 358
72660 4955 360
73380 4925 361
73960 4893 362
  
  
  
  
  
  
  
  
  
  
  
  
  
 0 
 main 
80 5323 0
1700 5312 9
2560 5312 13
3080 5311 16
3620 5310 19
4480 5310 24
5060 5306 26
5860 5307 31
6420 5303 34
7280 5305 38
7820 5298 41
8620 5301 46
9200 5297 49
10080 5298 53
10600 5295 56
11420 5295 60
11980 5292 63
12520 5292 66
13380 5287 71
13920 5287 73
14720 5285 78
15280 5285 81
16120 5282 85
16660 5281 88
17480 5280 92
18060 5278 95
18820 5273 99
19380 5272 102
19900 5276 105
20720 5272 109
21280 5268 112
22100 5268 116
22620 5267 119
23460 5263 123
23980 5265 126
24880 5263 131
25380 5258 133
26180 5258 137
26760 5256 140
27580 5255 145
28100 5251 147
28660 5252 150
29480 5250 155
30000 5248 157
30820 5243 161
31400 5245 164
32220 5240 169
32760 5240 171
33620 5235 176
34160 5233 179
34960 5233 183
35500 5231 185
36060 5227 188
37260 5226 194
37780 5223 197
38580 5220 201
39160 5218 204
39960 5217 208
40560 5213 211
41320 5211 215
41880 5207 218
42760 5205 222
43280 5203 225
44100 5201 229
44680 5200 232
45100 5196 234
46020 5193 239
46560 5190 241
47400 5187 246
47900 5183 248
48720 5180 252
49280 5176 255
50060 5177 259
50600 5172 262
51460 5171 266
52020 5166 268
52460 5160 271
53220 5156 274
53780 5156 277
54600 5150 281
55120 5143 283
55980 5141 287
56500 5137 290
57380 5133 294
57860 5131 297
58720 5123 301
59320 5122 304
59720 5116 305
60560 5112 309
61120 5102 312
61960 5100 316
62480 5090 318
63360 5088 322
63820 5081 324
64680 5070 328
65220 5063 330
66020 5046 333
66620 5045 336
67380 5023 338
67960 5025 341
68500 5010 343
69360 4992 346
69880 4978 348
70700 4960 350
71200 4935 351
72020 4891 352
  
  
  
  
  
  
  
  
  
  
  
  
  
 0 
 main 
60 5311 0
1660 5306 8
2480 5303 13
3020 5302 16
3580 5300 19
4460 5301 24
5020 5297 26
5820 5297 31
6380 5297 33
7380 5167 38
  
  
  
  
  
  
  
  
  
  
  
  
  
