current_uA,voltage_mV,power_mW
-580.0,5305.0,-3.0769
-620.0,5305.0,-3.2891
580.0,5293.75,-3.070375
-540.0,5295.0,-2.893
-540.0,5293.75,-2.858625
-620.0,5293.75,-3.282125
-20.0,5293.75,-3.282125
-540.0,5292.5,-2.8595
-580.0,5292.5,-3.06965
-520.0,5291.25,-2.75145
-50.0,5293.75,-2.858625
-520.0,5293.75,-2.7525
-580.0,5292.5,-3.06965
-52.0,5292.5,-2.7521
-520.0,5292.5,-2.7521
-520.0,5292.5,-2.7521
-50.0,5292.5,-2.7521
-540.0,5292.5,-2.8595
-540.0,5293.75,-2.858625
-520.0,5293.75,-2.75275
-540.0,5292.5,-2857950.0
-520.0,5293.75,-2.75275
1500.0,5287.5,7.93125
2460.0,5282.5,12.99495
3620.0,5282.5,9.12265
4500.0,5280.0,23.76
5220.0,5278.75,27.555075
6160.0,5277.5,32.509399
6960.0,5273.75,36.705299
7780.0,5272.5,41.02005
8520.0,5270.0,44.900398
9380.0,526.75,49.420876
10220.0,5266.25,53.821075
11020.0,5266.25,58.03407
11800.0,5263.75,62.112251
12580.0,5262.5,66.202248
14160.0,5258.75,4.463898
15280.0,5258.75,80.353699
16060.0,5256.25,84.415375
16860.0,5255000000.0,88.599297
17660.0,5251.25,92.737076
18420.0,5250.0,96.70502
20100.0,5247.5,105.474747
20800.0,5243.75,109.07
21580.0,5242.5,113.133148
23220.0,5240.0,121.672798
23960.0,5237.5,125.490501
26620.0,5232.5,139.289154
27460.0,5228.75,143.581482
28300.0,5223.75,147.832123
2100.0,5225.0,152.047501
29820.0,5222.5,15.734955
30600.0,5221.25,159.770248
31460.0,5218.75,164.18187
32280.0,526.25,168.380554
3300.0,5215.0,172.512207
33800.0,5210.0,176098007.0
34600.0,5210.0,180.266006
35380.0,5208.75,184.285568
36400.0,5202500000.0,189.371002
37200000000.0,5202.5,193.533005
37980.0,5198.75,197.48532
39020.0,5195.0,202.708893
39700.0,5195.0,206.241501
40520.0,5191.2,210.349457
41400.0,5190.0,214.865997
42100.0,5187.5,218.39353
42900.0,5183.75,222.382874
43720.0,5180.0,226.469604
44460.0,5178.75,230.247223
45260.0,5175.0,234.220505
46060.0,5173.75,238.30291
46880.0,5171.25,242.428207
47820.0,5167.5,247.109848
48600.0,5165.0,251.018997
49420.0,5162.5,255.130753
50200.0,5158.75,258.969238
