current voltage power
  
  
  
  
  
  
  
  
  
  
  
  
  
  
  
  
 0 
 main 
80 5430 0
1620 5422 9
2460 5421 13
3000 5422 16
3560 5418 19
4400 5417 24
4980 5418 27
5780 5416 31
6360 5415 34
7200 5415 39
7720 5413 42
8560 5411 46
9120 5410 49
9960 5408 53
10480 5408 56
11320 5407 61
11900 5406 64
12420 5407 67
13280 5405 72
13860 5405 75
14600 5402 79
15180 5402 82
16020 5402 86
16520 5400 89
17380 5400 94
17960 5398 97
18760 5396 101
19300 5397 104
19860 5395 107
20700 5395 111
21120 5392 114
21980 5392 118
22560 5391 121
23360 5390 126
23880 5390 129
24760 5390 133
25280 5386 136
26060 5387 140
26600 5387 143
27420 5386 148
28000 5385 150
28560 5383 153
29360 5381 158
29880 5380 161
30720 5378 165
31280 5377 168
32080 5377 172
32660 5378 175
33560 5373 180
34320 5375 184
35120 5373 188
35700 5372 191
36260 5371 195
37080 5370 199
37620 5370 202
38420 5367 206
38960 5365 209
39800 5366 213
40380 5363 216
41160 5363 221
41680 5363 223
42560 5356 228
43080 5356 231
43900 5363 235
44460 5360 238
44980 5351 240
45800 5357 245
46360 5355 248
47180 5356 252
47700 5351 255
48520 5348 259
49060 5342 262
49920 5350 267
50380 5353 269
51260 5352 274
51780 5346 277
52320 5346 279
53080 5346 284
53660 5346 287
54460 5338 290
54980 5343 294
55780 5340 298
56320 5337 300
57120 5336 305
57680 5338 308
58480 5338 312
59000 5337 315
59580 5336 318
60360 5331 322
60880 5335 325
61700 5331 329
62220 5331 332
63060 5327 336
63580 5326 338
64400 5330 343
64920 5327 346
65720 5321 350
66280 5325 353
67080 5321 357
67660 5321 360
68180 5320 362
69020 5325 367
69560 5312 369
70320 5316 374
70860 5307 376
71680 5316 381
72200 5312 383
73000 5308 387
73560 5308 390
74400 5307 395
74980 5298 397
75500 5311 401
76300 5302 404
76900 5311 408
77700 5302 412
78260 5301 414
79020 5296 418
79600 5297 421
80420 5296 426
80980 5293 428
81780 5293 433
82320 5291 435
83160 5290 440
83700 5290 443
84220 5288 445
85080 5287 449
85620 5287 452
86280 5278 455
86820 5281 458
87620 5283 463
88180 5282 465
89000 5280 470
89520 5280 473
90400 5276 477
91000 5273 480
91500 5273 482
92280 5270 486
92820 5270 489
93660 5265 493
94180 5267 496
95020 5266 500
95580 5267 503
96360 5262 507
96920 5261 510
97760 5257 514
98320 5261 517
99100 5256 521
99680 5250 523
100180 5251 526
101020 5250 530
101580 5250 533
102380 5243 536
102980 5242 539
103780 5242 544
104320 5238 546
105120 5238 551
105680 5238 553
106520 5237 558
107060 5235 560
107600 5228 563
108420 5227 567
108980 5227 569
109780 5226 574
110300 5220 575
111120 5222 580
111700 5216 582
112560 5217 587
113100 5216 590
113880 5211 593
114460 5210 596
115000 5206 598
115820 5205 603
116400 5202 605
117180 5201 609
117720 5200 612
118580 5193 616
119100 5193 618
119920 5187 622
120500 5187 625
121320 5183 629
121880 5181 631
122680 5177 635
123220 5173 637
123780 5171 640
124600 5167 644
125160 5163 646
125960 5161 650
126480 5158 652
127360 5153 656
127900 5148 658
128720 5148 662
129280 5142 664
130100 5137 668
130660 5137 671
131180 5131 673
131980 5128 677
132520 5118 678
133380 5113 682
133960 5112 685
134760 5105 688
135300 5097 690
136160 5088 693
136680 5085 695
137500 5072 697
138060 5068 699
138900 5058 702
139500 5051 704
140060 5042 706
140860 5028 708
141620 5015 710
142220 4995 710
142820 4980 711
143620 4950 711
144160 4922 709
  
  
  
  
  
  
  
  
  
  
  
  
  
 0 
 main 
80 5400 0
1480 5392 8
2320 5398 12
2860 5401 15
3400 5393 18
4220 5390 23
4820 5391 26
5600 5390 30
6200 5390 33
7080 5380 38
7600 5388 41
8420 5385 45
8960 5381 48
9780 5383 52
10380 5381 55
11180 5382 60
11760 5383 63
12300 5376 66
13100 5381 70
13700 5383 73
14500 5378 78
15060 5370 81
15900 5373 85
16420 5376 88
17260 5376 92
17780 5376 95
18600 5370 100
19180 5367 103
19720 5373 106
20500 5365 110
21020 5368 113
21880 5365 117
22400 5365 120
23200 5362 124
23780 5363 127
24600 5363 132
25160 5363 135
25960 5361 139
26460 5361 141
27320 5357 146
27880 5361 149
28420 5360 152
29260 5357 156
29800 5355 159
30600 5353 164
31160 5355 167
31980 5351 171
32520 5350 174
33380 5350 178
33920 5347 181
35020 5345 187
35560 5342 190
36100 5348 193
36920 5346 197
37480 5346 200
38320 5345 205
38880 5342 208
39700 5333 212
40260 5335 215
41060 5337 219
41600 5337 222
42460 5338 226
42960 5333 229
43760 5335 233
44320 5333 236
44860 5336 239
45680 5337 244
46220 5336 246
47060 5331 250
47580 5328 253
48400 5326 257
48960 5328 261
49760 5327 265
50300 5325 268
51160 5327 272
51680 5323 275
52200 5325 278
52960 5323 282
53520 5322 285
54320 5321 289
54860 5316 291
55660 5318 296
56200 5318 299
57020 5316 303
57560 5311 306
58320 5312 310
58900 5313 313
59420 5307 315
60260 5310 320
60780 5310 323
61600 5308 327
62120 5306 330
62960 5303 334
63500 5305 337
64300 5303 341
64820 5302 344
65660 5301 348
66200 5298 351
66980 5297 355
67520 5295 357
68080 5298 361
68900 5293 365
69460 5293 367
70260 5295 372
70760 5290 374
71600 5290 379
72120 5287 381
72920 5287 385
73400 5285 388
74280 5280 392
74860 5281 395
75400 5282 398
76200 5282 402
76760 5278 405
77580 5277 409
78160 5278 412
78960 5276 416
79480 5273 419
80300 5272 423
80880 5271 426
81680 5271 430
82220 5270 433
83080 5267 437
83620 5263 440
84120 5265 443
84960 5262 447
85520 5262 450
86180 5258 453
86700 5258 456
87500 5257 460
88060 5253 462
88900 5256 467
89420 5253 470
90260 5250 474
90780 5248 476
91320 5247 479
92180 5247 484
92720 5246 486
93560 5243 490
94080 5242 493
94960 5240 497
95460 5237 500
96280 5236 504
96820 5235 507
97660 5232 511
98200 5231 514
99020 5230 518
99560 5228 520
100100 5226 523
100960 5223 527
101460 5221 529
102300 5220 534
102860 5220 537
103700 5215 541
104260 5215 543
105020 5212 547
105600 5212 550
106420 5207 554
106960 5207 557
107520 5205 559
108320 5202 563
108860 5201 566
109720 5201 570
110260 5196 573
111080 5193 577
111600 5192 579
112460 5188 583
113060 5182 586
113780 5181 589
114280 5182 592
114980 5177 595
115660 5173 598
116320 5172 602
117120 5168 605
117620 5167 608
118520 5162 612
119020 5161 614
119860 5157 618
120400 5156 621
121260 5151 624
121800 5147 627
122600 5146 631
123120 5142 633
123680 5137 635
124520 5132 639
125100 5130 641
125880 5123 645
126420 5123 648
127280 5115 651
127820 5116 654
128620 5110 657
129200 5105 659
130020 5096 662
130580 5090 664
131100 5085 667
131900 5071 669
132480 5076 672
133300 5065 675
133900 5058 677
134680 5047 680
135220 5040 681
136080 5023 683
136620 5023 686
137460 5002 687
138000 4986 688
138900 4967 690
139420 4948 690
139980 4922 689
140820 4873 686
  
  
  
  
  
  
  
  
  
  
  
  
  
 0 
 main 
60 5385 0
1380 5380 7
2220 5376 12
2800 5376 15
3300 5373 17
4180 5380 22
4760 5366 25
5560 5376 30
6120 5371 33
6980 5370 37
7660 5245 40
  
  
  
  
  
  
  
  
  
  
  
  
  
  
