4860.000000 -580.000000 -2.818800 1597500
4842.500000 -520.000000 -2.518100 1595000
4730.000000 -520.000000 -2.459600 1592500
4730.000000 -520.000000 -2.459600 1590000
4730.000000 -520.000000 -2.459600 1587500
4730.000000 -520.000000 -2.459600 1585000
4728.750000 -520.000000 -2.458950 1582500
4730.000000 -500.000000 -2.365000 1580000
4727.500000 -480.000000 -2.269200 1577500
4727.500000 -480.000000 -2.269200 1575000
4727.500000 -440.000000 -2.080100 1572500
4728.750000 -500.000000 -2.364375 1570000
4727.500000 -480.000000 -2.269200 1567500
4726.250000 -440.000000 -2.079550 1565000
4730.000000 -500.000000 -2.365000 1562500
4726.250000 -480.000000 -2.268600 1560000
4726.250000 -440.000000 -2.079550 1557500
4726.250000 -500.000000 -2.363125 1555000
4727.500000 -480.000000 -2.269200 1552500
4727.500000 -440.000000 -2.080100 1550000
4727.500000 -480.000000 -2.269200 1547500
4726.250000 -480.000000 -2.268600 1545000
4727.500000 -480.000000 -2.269200 1542500
4726.250000 -440.000000 -2.079550 1540000
4726.250000 -480.000000 -2.268600 1537500
4725.000000 -480.000000 -2.268000 1535000
4726.250000 -500.000000 -2.363125 1532500
4726.250000 -440.000000 -2.079550 1530000
4726.250000 -480.000000 -2.268600 1527500
4726.250000 -480.000000 -2.268600 1525000
4670.000000 800.000000 3.736000 1522500
4648.750000 1700.000000 7.902875 1520000
4631.250000 2600.000000 12.041250 1517500
4611.250000 3480.000000 16.047150 1515000
4587.500000 4360.000000 20.001499 1512500
4566.250000 5220.000000 23.835825 1510000
4542.500000 6080.000000 27.618401 1507500
