5467.500000 -680.000000 -3.717900 1597500
5463.750000 -620.000000 -3.387525 1595000
5443.750000 -620.000000 -3.375125 1592500
5443.750000 -620.000000 -3.375125 1590000
5443.750000 -580.000000 -3.157375 1587500
5443.750000 -540.000000 -2.939625 1585000
5443.750000 -540.000000 -2.939625 1582500
5442.500000 -580.000000 -3.156650 1580000
5442.500000 -580.000000 -3.156650 1577500
5443.750000 -520.000000 -2.830750 1575000
5442.500000 -580.000000 -3.156650 1572500
5443.750000 -540.000000 -2.939625 1570000
5443.750000 -540.000000 -2.939625 1567500
5442.500000 -540.000000 -2.938950 1565000
5442.500000 -540.000000 -2.938950 1562500
5442.500000 -540.000000 -2.938950 1560000
5442.500000 -540.000000 -2.938950 1557500
5442.500000 -540.000000 -2.938950 1555000
5442.500000 -540.000000 -2.938950 1552500
5442.500000 -580.000000 -3.156650 1550000
5442.500000 -520.000000 -2.830100 1547500
5442.500000 -540.000000 -2.938950 1545000
5442.500000 -540.000000 -2.938950 1542500
5442.500000 -540.000000 -2.938950 1540000
5441.250000 -540.000000 -2.938275 1537500
5442.500000 -540.000000 -2.938950 1535000
5441.250000 -540.000000 -2.938275 1532500
5442.500000 -540.000000 -2.938950 1530000
5442.500000 -520.000000 -2.830100 1527500
5440.000000 -540.000000 -2.937600 1525000
5435.000000 -380.000000 -2.065300 1522500
5431.250000 1120.000000 6.083000 1520000
5430.000000 1920.000000 10.425600 1517500
5428.750000 2920.000000 15.851950 1515000
5423.750000 3760.000000 20.393299 1512500
5422.500000 4660.000000 25.268850 1510000
5420.000000 5520.000000 29.918400 1507500
5417.500000 6300.000000 34.130249 1505000
5416.250000 7120.000000 38.563702 1502500
5412.500000 7960.000000 43.083500 1500000
5411.250000 8900.000000 48.160126 1497500
5410.000000 9600.000000 51.936001 1495000
5406.250000 10780.000000 58.279373 1492500
5405.000000 11620.000000 62.806099 1490000
5402.500000 12400.000000 66.990997 1487500
5401.250000 13260.000000 71.620575 1485000
5397.500000 14060.000000 75.888847 1482500
5397.500000 14900.000000 80.422752 1480000
5395.000000 15720.000000 84.809402 1477500
5392.500000 16560.000000 89.299797 1475000
5390.000000 17320.000000 93.354797 1472500
5387.500000 18120.000000 97.621498 1470000
5385.000000 19000.000000 102.315002 1467500
5383.750000 19820.000000 106.705925 1465000
5380.000000 20660.000000 111.150803 1462500
5378.750000 21700.000000 116.718872 1460000
5375.000000 22500.000000 120.937500 1457500
5373.750000 23360.000000 125.530800 1455000
5371.250000 24160.000000 129.769394 1452500
5368.750000 25060.000000 134.540878 1450000
5368.750000 25820.000000 138.621124 1447500
5366.250000 26620.000000 142.849579 1445000
5363.750000 27420.000000 147.074020 1442500
5360.000000 28280.000000 151.580795 1440000
5358.750000 29060.000000 155.725281 1437500
5355.000000 29900.000000 160.114502 1435000
5355.000000 30720.000000 164.505600 1432500
5352.500000 31500.000000 168.603745 1430000
5350.000000 32620.000000 174.516998 1427500
5347.500000 33500.000000 179.141251 1425000
5343.750000 34280.000000 183.183746 1422500
5342.500000 35080.000000 187.414902 1420000
5340.000000 35920.000000 191.812805 1417500
5337.500000 36700.000000 195.886246 1415000
5335.000000 37500.000000 200.062500 1412500
5333.750000 38380.000000 204.709320 1410000
5330.000000 39120.000000 208.509598 1407500
5327.500000 39980.000000 212.993454 1405000
5325.000000 40760.000000 217.046997 1402500
5323.750000 41580.000000 221.361526 1400000
5321.250000 42360.000000 225.408157 1397500
5318.750000 43280.000000 230.195496 1395000
5316.250000 44280.000000 235.403549 1392500
5312.500000 45120.000000 239.699997 1390000
5311.250000 45900.000000 243.786377 1387500
5308.750000 46700.000000 247.918625 1385000
5305.000000 47500.000000 251.987503 1382500
5305.000000 48260.000000 256.019287 1380000
5303.750000 49160.000000 260.732361 1377500
5300.000000 49960.000000 264.787994 1375000
5297.500000 50780.000000 269.007050 1372500
5296.250000 51520.000000 272.862793 1370000
5293.750000 52320.000000 276.968994 1367500
5291.250000 53160.000000 281.282837 1365000
5287.500000 53960.000000 285.313507 1362500
5285.000000 55000.000000 290.674988 1360000
5282.500000 55880.000000 295.186096 1357500
5280.000000 56680.000000 299.270386 1355000
5277.500000 57460.000000 303.245148 1352500
5273.750000 58220.000000 307.037720 1350000
5271.250000 59120.000000 311.636292 1347500
5268.750000 59900.000000 315.598114 1345000
5266.250000 60780.000000 320.082672 1342500
5263.750000 61560.000000 324.036438 1340000
5261.250000 62320.000000 327.881104 1337500
5257.500000 63100.000000 331.748260 1335000
5256.250000 63980.000000 336.294861 1332500
5252.500000 64780.000000 340.256958 1330000
5250.000000 65820.000000 345.554993 1327500
5246.250000 66620.000000 349.505188 1325000
5242.500000 67480.000000 353.763885 1322500
5240.000000 68260.000000 357.682404 1320000
5236.250000 69060.000000 361.615417 1317500
5235.000000 69900.000000 365.926514 1315000
5232.500000 70620.000000 369.519165 1312500
5228.750000 71520.000000 373.960205 1310000
5226.250000 72320.000000 377.962402 1307500
5222.500000 73160.000000 382.078094 1305000
5221.250000 73920.000000 385.954803 1302500
5217.500000 74780.000000 390.164642 1300000
5215.000000 75520.000000 393.836792 1297500
5211.250000 76320.000000 397.722595 1295000
5207.500000 77400.000000 403.060486 1292500
5205.000000 78260.000000 407.343292 1290000
5202.500000 79060.000000 411.309662 1287500
5197.500000 79860.000000 415.072357 1285000
5195.000000 80720.000000 419.340393 1282500
5191.250000 81500.000000 423.086884 1280000
5187.500000 82360.000000 427.242493 1277500
5185.000000 83220.000000 431.495697 1275000
5181.250000 83960.000000 435.017761 1272500
5178.750000 84780.000000 439.054413 1270000
5175.000000 85560.000000 442.773010 1267500
5172.500000 86360.000000 446.697113 1265000
5168.750000 87200.000000 450.714996 1262500
5163.750000 88260.000000 455.752563 1260000
5161.250000 89080.000000 459.764160 1257500
5157.500000 89860.000000 463.452942 1255000
5153.750000 90680.000000 467.342041 1252500
5151.250000 91560.000000 471.648438 1250000
5147.500000 92280.000000 475.011292 1247500
5142.500000 93120.000000 478.869598 1245000
5140.000000 93900.000000 482.645996 1242500
5136.250000 94720.000000 486.505615 1240000
5131.250000 95560.000000 490.342255 1237500
5130.000000 96320.000000 494.121613 1235000
5125.000000 97120.000000 497.739990 1232500
5121.250000 97960.000000 501.677643 1230000
5116.250000 99060.000000 506.815735 1227500
5112.500000 99820.000000 510.329742 1225000
5108.750000 100660.000000 514.246765 1222500
5105.000000 101420.000000 517.749084 1220000
5100.000000 102260.000000 521.526001 1217500
5096.250000 103060.000000 525.219543 1215000
5091.250000 103920.000000 529.082703 1212500
5088.750000 104700.000000 532.792114 1210000
5085.000000 105480.000000 536.365784 1207500
5080.000000 106300.000000 540.004028 1205000
5075.000000 107160.000000 543.836975 1202500
5072.500000 107960.000000 547.627075 1200000
5066.250000 108720.000000 550.802673 1197500
5063.750000 109620.000000 555.088257 1195000
5056.250000 110660.000000 559.524597 1192500
5052.500000 111500.000000 563.353760 1190000
5047.500000 112260.000000 566.632324 1187500
5042.500000 113120.000000 570.407593 1185000
5038.750000 113880.000000 573.812866 1182500
5033.750000 114720.000000 577.471802 1180000
5028.750000 115520.000000 580.921204 1177500
5025.000000 116300.000000 584.407471 1175000
5018.750000 117160.000000 587.996765 1172500
5013.750000 117920.000000 591.221375 1170000
5010.000000 118720.000000 594.787170 1167500
5001.250000 119560.000000 597.949463 1165000
4996.250000 120380.000000 601.448547 1162500
4988.750000 121420.000000 605.734009 1160000
4982.500000 122260.000000 609.160461 1157500
4978.750000 123080.000000 612.784546 1155000
4972.500000 123800.000000 615.595520 1152500
4967.500000 124660.000000 619.248535 1150000
4961.250000 125500.000000 622.636902 1147500
4956.250000 126280.000000 625.875244 1145000
4950.000000 127100.000000 629.145020 1142500
4945.000000 127900.000000 632.465515 1140000
4938.750000 128680.000000 635.518372 1137500
4932.500000 129480.000000 638.660095 1135000
4926.250000 130300.000000 641.890381 1132500
4921.250000 131120.000000 645.274292 1130000
4911.250000 132220.000000 649.365479 1127500
