5180.000000 -620.000000 -3.211600 1597500
5172.500000 -540.000000 -2.793150 1595000
5130.000000 -580.000000 -2.975400 1592500
5130.000000 -540.000000 -2.770200 1590000
5131.250000 -540.000000 -2.770875 1587500
5130.000000 -540.000000 -2.770200 1585000
5127.500000 -520.000000 -2.666300 1582500
5128.750000 -520.000000 -2.666950 1580000
5128.750000 -540.000000 -2.769525 1577500
5128.750000 -520.000000 -2.666950 1575000
5128.750000 -540.000000 -2.769525 1572500
5130.000000 -520.000000 -2.667600 1570000
5128.750000 -500.000000 -2.564375 1567500
5128.750000 -500.000000 -2.564375 1565000
5127.500000 -520.000000 -2.666300 1562500
5130.000000 -500.000000 -2.565000 1560000
5128.750000 -520.000000 -2.666950 1557500
5128.750000 -500.000000 -2.564375 1555000
5128.750000 -500.000000 -2.564375 1552500
5128.750000 -500.000000 -2.564375 1550000
5127.500000 -540.000000 -2.768850 1547500
5128.750000 -520.000000 -2.666950 1545000
5128.750000 -520.000000 -2.666950 1542500
5127.500000 -520.000000 -2.666300 1540000
5128.750000 -500.000000 -2.564375 1537500
5128.750000 -480.000000 -2.461800 1535000
5128.750000 -520.000000 -2.666950 1532500
5127.500000 -520.000000 -2.666300 1530000
5127.500000 -500.000000 -2.563750 1527500
5128.750000 -500.000000 -2.564375 1525000
5112.500000 380.000000 1.942750 1522500
5105.000000 1260.000000 6.432300 1520000
5098.750000 2220.000000 11.319225 1517500
5093.750000 3100.000000 15.790625 1515000
5088.750000 4000.000000 20.355000 1512500
5083.750000 4800.000000 24.402000 1510000
5078.750000 5700.000000 28.948875 1507500
5072.500000 6500.000000 32.971249 1505000
5067.500000 7300.000000 36.992748 1502500
5061.250000 8220.000000 41.603474 1500000
5056.250000 9060.000000 45.809624 1497500
5050.000000 9880.000000 49.894001 1495000
5042.500000 10980.000000 55.366650 1492500
5038.750000 11800.000000 59.457249 1490000
5032.500000 12600.000000 63.409500 1487500
5026.250000 13460.000000 67.653328 1485000
5021.250000 14280.000000 71.703453 1482500
5013.750000 15100.000000 75.707626 1480000
5007.500000 15900.000000 79.619247 1477500
5003.750000 16760.000000 83.862846 1475000
4996.250000 17580.000000 87.834076 1472500
4991.250000 18360.000000 91.639351 1470000
4983.750000 19160.000000 95.488647 1467500
4976.250000 20060.000000 99.823578 1465000
4971.250000 20780.000000 103.302574 1462500
4962.500000 21900.000000 108.678749 1460000
4955.000000 22780.000000 112.874901 1457500
4951.250000 23520.000000 116.453400 1455000
4943.750000 24320.000000 120.232002 1452500
4933.750000 25220.000000 124.429176 1450000
4927.500000 26060.000000 128.410645 1447500
4921.250000 26860.000000 132.184769 1445000
4913.750000 27660.000000 135.914322 1442500
4905.000000 28480.000000 139.694397 1440000
4898.750000 29300.000000 143.533371 1437500
4891.250000 30080.000000 147.128799 1435000
4883.750000 30900.000000 150.907867 1432500
4876.250000 31660.000000 154.382080 1430000
4863.750000 32800.000000 159.531006 1427500
4855.000000 33620.000000 163.225098 1425000
4846.250000 34500.000000 167.195618 1422500
4838.750000 35260.000000 170.614319 1420000
4827.500000 36080.000000 174.176193 1417500
4818.750000 36900.000000 177.811874 1415000
4810.000000 37720.000000 181.433197 1412500
4798.750000 38660.000000 185.519669 1410000
4786.250000 39480.000000 188.961151 1407500
4775.000000 40220.000000 192.050507 1405000
4763.750000 41060.000000 195.599579 1402500
4753.750000 41900.000000 199.182129 1400000
4742.500000 42660.000000 202.315048 1397500
4731.250000 43520.000000 205.904007 1395000
4712.500000 44620.000000 210.271744 1392500
4698.750000 45460.000000 213.605179 1390000
