5420.000000 -640.000000 -3.468800 1597500
5413.750000 -600.000000 -3.248250 1595000
5390.000000 -600.000000 -3.234000 1592500
5391.250000 -620.000000 -3.342575 1590000
5390.000000 -580.000000 -3.126200 1587500
5390.000000 -540.000000 -2.910600 1585000
5390.000000 -580.000000 -3.126200 1582500
5391.250000 -580.000000 -3.126925 1580000
5388.750000 -540.000000 -2.909925 1577500
5390.000000 -540.000000 -2.910600 1575000
5390.000000 -540.000000 -2.910600 1572500
5390.000000 -540.000000 -2.910600 1570000
5388.750000 -540.000000 -2.909925 1567500
5388.750000 -540.000000 -2.909925 1565000
5390.000000 -500.000000 -2.695000 1562500
5388.750000 -540.000000 -2.909925 1560000
5388.750000 -580.000000 -3.125475 1557500
5388.750000 -580.000000 -3.125475 1555000
5388.750000 -540.000000 -2.909925 1552500
5388.750000 -540.000000 -2.909925 1550000
5388.750000 -520.000000 -2.802150 1547500
5390.000000 -540.000000 -2.910600 1545000
5388.750000 -540.000000 -2.909925 1542500
5388.750000 -540.000000 -2.909925 1540000
5388.750000 -520.000000 -2.802150 1537500
5387.500000 -540.000000 -2.909250 1535000
5388.750000 -540.000000 -2.909925 1532500
5388.750000 -520.000000 -2.802150 1530000
5387.500000 -540.000000 -2.909250 1527500
5387.500000 -540.000000 -2.909250 1525000
5381.250000 120.000000 0.645750 1522500
5376.250000 1180.000000 6.343975 1520000
5372.500000 2100.000000 11.282250 1517500
5371.250000 2920.000000 15.684050 1515000
5368.750000 3900.000000 20.938126 1512500
5366.250000 4700.000000 25.221375 1510000
5363.750000 5460.000000 29.286076 1507500
5360.000000 6360.000000 34.089600 1505000
5358.750000 7200.000000 38.583000 1502500
5356.250000 8080.000000 43.278500 1500000
5353.750000 8900.000000 47.648376 1497500
5350.000000 9780.000000 52.323002 1495000
5347.500000 10780.000000 57.646049 1492500
5343.750000 11680.000000 62.415001 1490000
5342.500000 12560.000000 67.101799 1487500
5340.000000 13320.000000 71.128799 1485000
5336.250000 14160.000000 75.561302 1482500
5333.750000 14980.000000 79.899574 1480000
5331.250000 15800.000000 84.233749 1477500
5327.500000 16620.000000 88.543053 1475000
5326.250000 17460.000000 92.996323 1472500
5323.750000 18260.000000 97.211678 1470000
5321.250000 19060.000000 101.423027 1467500
5318.750000 19900.000000 105.843124 1465000
5315.000000 20720.000000 110.126801 1462500
5313.750000 21800.000000 115.839752 1460000
5310.000000 22620.000000 120.112198 1457500
5307.500000 23480.000000 124.620102 1455000
5303.750000 24220.000000 128.456818 1452500
5302.500000 25100.000000 133.092743 1450000
5297.500000 25900.000000 137.205246 1447500
5296.250000 26680.000000 141.303955 1445000
5293.750000 27520.000000 145.684006 1442500
5290.000000 28360.000000 150.024399 1440000
5287.500000 29100.000000 153.866257 1437500
5285.000000 29980.000000 158.444305 1435000
5282.500000 30800.000000 162.701004 1432500
5278.750000 31560.000000 166.597351 1430000
5275.000000 32700.000000 172.492493 1427500
5272.500000 33560.000000 176.945099 1425000
5268.750000 34380.000000 181.139618 1422500
5266.250000 35160.000000 185.161346 1420000
5265.000000 36020.000000 189.645294 1417500
5261.250000 36820.000000 193.719223 1415000
5257.500000 37660.000000 197.997452 1412500
5255.000000 38420.000000 201.897095 1410000
5252.500000 39300.000000 206.423248 1407500
5248.750000 40000.000000 209.949997 1405000
5247.500000 40900.000000 214.622757 1402500
5245.000000 41700.000000 218.716507 1400000
5240.000000 42480.000000 222.595200 1397500
5237.500000 43220.000000 226.364746 1395000
5232.500000 44320.000000 231.904404 1392500
5231.250000 45180.000000 236.347870 1390000
5227.500000 45980.000000 240.360443 1387500
5225.000000 46820.000000 244.634506 1385000
5221.250000 47580.000000 248.427078 1382500
5220.000000 48400.000000 252.647995 1380000
5217.500000 49080.000000 256.074890 1377500
5213.750000 49960.000000 260.478943 1375000
5210.000000 50720.000000 264.251190 1372500
5207.500000 51560.000000 268.498688 1370000
5203.750000 52400.000000 272.676514 1367500
5200.000000 53160.000000 276.432007 1365000
5197.500000 53980.000000 280.561035 1362500
5191.250000 55060.000000 285.830231 1360000
5188.750000 55880.000000 289.947357 1357500
5186.250000 56720.000000 294.164093 1355000
5181.250000 57560.000000 298.232758 1352500
5180.000000 58360.000000 302.304810 1350000
5175.000000 59160.000000 306.153015 1347500
5171.250000 59980.000000 310.171570 1345000
5166.250000 60800.000000 314.108002 1342500
5165.000000 61580.000000 318.060699 1340000
5161.250000 62380.000000 321.958771 1337500
5157.500000 63220.000000 326.057159 1335000
5153.750000 64020.000000 329.943085 1332500
5148.750000 64800.000000 333.639008 1330000
5143.750000 65860.000000 338.767365 1327500
5140.000000 66660.000000 342.632385 1325000
5136.250000 67520.000000 346.799591 1322500
5132.500000 68360.000000 350.857697 1320000
5128.750000 69160.000000 354.704346 1317500
5125.000000 69960.000000 358.545013 1315000
5120.000000 70800.000000 362.496002 1312500
5116.250000 71600.000000 366.323486 1310000
5112.500000 72360.000000 369.940491 1307500
5108.750000 73260.000000 374.267029 1305000
5103.750000 74000.000000 377.677490 1302500
5098.750000 74800.000000 381.386505 1300000
5095.000000 75660.000000 385.487701 1297500
5090.000000 76460.000000 389.181396 1295000
5085.000000 77480.000000 393.985809 1292500
5082.500000 78360.000000 398.264709 1290000
5076.250000 79160.000000 401.835938 1287500
5071.250000 79920.000000 405.294312 1285000
5066.250000 80780.000000 409.251678 1282500
5062.500000 81620.000000 413.201263 1280000
5057.500000 82380.000000 416.636841 1277500
5053.750000 83180.000000 420.370911 1275000
5047.500000 84020.000000 424.090942 1272500
5043.750000 84820.000000 427.810883 1270000
5038.750000 85600.000000 431.316986 1267500
5032.500000 86460.000000 435.109955 1265000
5027.500000 87300.000000 438.900757 1262500
5022.500000 88360.000000 443.788086 1260000
5016.250000 89160.000000 447.248840 1257500
5011.250000 89980.000000 450.912262 1255000
5006.250000 90780.000000 454.467377 1252500
4998.750000 91560.000000 457.685547 1250000
4995.000000 92380.000000 461.438110 1247500
4988.750000 93180.000000 464.851715 1245000
4982.500000 94060.000000 468.653961 1242500
4977.500000 94800.000000 471.867004 1240000
4971.250000 95620.000000 475.350922 1237500
4966.250000 96460.000000 479.044464 1235000
4958.750000 97260.000000 482.288025 1232500
4952.500000 98080.000000 485.741211 1230000
4945.000000 99120.000000 490.148407 1227500
4938.750000 99980.000000 493.776215 1225000
4932.500000 100800.000000 497.196014 1222500
4927.500000 101600.000000 500.634003 1220000
4920.000000 102360.000000 503.611206 1217500
4912.500000 103200.000000 506.970001 1215000
4906.250000 104000.000000 510.250000 1212500
4898.750000 104860.000000 513.682922 1210000
4891.250000 105660.000000 516.809448 1207500
4883.750000 106420.000000 519.728699 1205000
4877.500000 107280.000000 523.258179 1202500
